24,48,5,300
8,66,18,35,107
46,109,40,77,83,133,150,234,252,267,121,306
118,241,81,247
11,117,105,281
13,96,16,98,221,52,57,120,147,158,36,110,169,106,237,292
72,206,15,157
101,138,22,161,49,173,236,248,311,51,174
75,103,65,176,188,212
17,168,177,134,178,277,129,225
28,44,76,95,144,165,189,196,313
26,63,239,130,207,220,264,233,260,302
12,108,92,216,132,143,249,99,175,299,156,295,312
70,97,123,25,146,166,219,93,191,253
42,90,113,125,126,153,38,124,140,20,79,228,56,86,298
112,203,223,308,33,229
54,242,261,155,235,222,243
19,37,159,50,194,315,323,34,244
187,192,230,141,266
122,208,317,9,91,256
71,78,226,195,258,62,286
154,186,21,135,10,47,227,259,301,251,309
164,245,287,85,262,270
139,183,275,171,271
41,217,148,265,296
6,263,80,322
59,182,184,224,43,160,198,127,131,280,114,215,273,319
58,137,32,269,30,55,84,238,89,211,294,283,321
31,60,285,318,111,170,272,102,116,142,172,305,14,197,82,149,240
4,29,1,27,88,278,304,314
39,74,128,145,246,288,231,290
0,167,190,213,214,289
94,181,202,293
152,185,67,232,303,276,307
2,180,151,200,45,205,87,100,204,209,61,64,274,310,53,268,284,68,73,250
69,282,7,210
136,193,104,119,199,218,297,316
3,23,115,163,179
257,291,162,201,254,279,255,320
