54,86,235
23,179,24,48,76,95,144,165,196,280,313,92,99,175,222,295,299,312,5,7,193,199,282,0,26,63,233,260,302
28,44,114,127,131,160,189,198,12,62,78,108,132,156,195,216,249,43,185,187,192,230,261,276,303,3,67,104,119,136,152,218,232,297,300,316,115,130,163,207,215,220,239,264,273,319,59,71,182,184,224,226,258,286
56,124,140,228,231,298
19,34,37,50,72,135,159,244,11,39,105,118,128,145,201,241,246,247,257,279,281,291,320
46,234,252,266,267,306,10,21,259,309
14,31,80,85,102,111,116,172,272,285,305,318,322,6,183,271,275,8,35,65,103,178,188,212,60,82,142,149,170,197,240,262,88,143,245,270,30,55,58,137,148,211,238,269,294,317
9,161,236,248,256,265,311,32,84,89,229,283,321,33,75,139,171,176,203,223
97,129,217,219,225,253,1,4,18,27,29,66,107,164,278,287,296,304,314,51,87,100,122,204,209,214,13,16,17,52,57,96,98,106,110,134,147,292,25,70,93,123,146,166,191,53,68,151,167,180,190,200,205,213,274,284,289,310,2,41,45,61,64,69,73,112,154,250,268,308,36,94,120,158,168,169,177,181,202,221,237,263,277,293,22,49,91,101,138,173,174,208,307
113,125,126,153,155,210,242,20,38,42,79,90,243
47,186,227,251,301,40,77,83,109,121,133,141,150
74,81,117,288,290,15,157,162,194,206,254,255,315,323
